// USED TERMINAL OUTPUT
p_exp: 0.633322283625602722167968750000000000000000000000000000000000
p_def: 0.633830000000000003623767952376510947942733764648437500000000
p_alt: 0.633333400000000046325965286087011918425559997558593750000000
